930,421,71,74.57,1
870,415,70,73.09,1
978,439,69,75.31,1
909,441,63,71.83,1
919,407,72,73.95,1
876,431,64,71.30,1
971,437,69,75.10,1
945,433,61,70.58,1
951,429,66,72.84,1
944,432,69,74.50,1
874,408,72,73.61,1
919,407,70,72.95,1
947,439,59,70.03,1
965,461,67,75.80,1
931,413,68,72.50,1
959,441,63,72.29,1
879,439,64,71.91,1
939,429,69,74.23,1
875,399,73,73.47,1
936,413,67,72.04,1
951,439,62,71.57,1
959,471,65,75.47,1
899,389,74,73.46,1
949,443,60,70.84,1
933,416,63,70.23,1
943,439,66,73.50,1
969,462,72,78.40,1
978,439,69,75.31,1
914,424,66,72.14,1
950,441,71,76.20,1
880,400,69,71.59,1
882,412,66,70.98,1
1019,465,71,78.58,1
971,437,69,75.10,1
949,434,67,73.60,1
919,433,65,72.34,1
871,389,71,71.70,1
951,449,72,77.30,1
944,432,69,74.50,1
981,438,65,73.27,1
890,443,65,72.80,1
879,419,64,70.46,1
939,467,69,77.00,1
879,417,69,72.81,1
866,381,72,71.58,1
931,403,65,70.27,1
936,481,67,76.99,1
911,424,68,73.11,1
907,427,62,70.30,1
901,411,66,71.08,1
875,364,62,65.42,0
850,350,61,63.68,0
863,321,60,61.19,0
754,384,63,66.28,0
710,361,62,63.70,0
841,351,69,67.67,0
900,362,67,68.00,0
695,398,60,65.26,0
770,401,58,65.16,0
780,410,52,62.90,0
741,395,56,63.46,0
702,374,58,62.58,0
850,384,62,66.65,0
851,314,60,60.57,0
901,352,68,67.79,0
874,365,67,67.99,0
865,325,62,62.50,0
841,341,61,62.94,0
756,425,60,67.78,0
782,395,58,64.83,0
796,325,55,58.37,0
812,362,51,59.20,0
825,341,52,58.30,0
896,314,53,57.48,0
874,328,56,59.80,0
852,394,54,63.40,0
741,361,62,63.99,0
752,374,58,63.03,0
763,319,59,59.63,0
963,329,60,62.68,0
843,354,54,60.40,0
687,341,57,59.54,0
723,394,62,66.22,0
783,346,55,59.78,0
743,374,52,59.95,0
764,325,51,56.08,0
842,324,57,59.71,0
851,321,59,60.58,0
851,384,56,63.66,0
745,391,54,62.20,0
746,361,57,61.53,0
843,341,51,57.96,0
901,346,62,64.35,0
741,356,55,60.12,0
746,358,54,59.81,0
764,359,51,58.55,0
699,341,50,56.15,0
761,342,42,52.79,0
751,402,62,67.06,0
746,401,69,70.44,1
951,449,72,77.30,1
939,467,69,77.00,1
936,481,67,76.99,1
990,487,70,79.41,1
930,421,71,74.57,1
970,460,75,79.77,1
969,459,68,76.19,1
978,439,69,75.31,1
944,432,69,74.50,1
1019,465,71,78.58,1
938,431,70,74.87,1
978,439,69,75.31,1
990,487,72,79.86,1
989,459,65,74.87,1
965,461,67,75.80,1
950,441,71,76.20,1
971,437,69,75.10,1
963,469,77,81.36,1
939,429,69,74.23,1
956,448,70,76.27,1
979,467,66,75.86,1
966,476,74,80.40,1
959,471,65,75.47,1
969,462,72,78.40,1
971,478,67,77.09,1
894,399,75,74.64,1
969,453,71,77.25,1
889,428,73,75.70,1
939,458,69,76.34,1
973,461,71,77.87,1
902,411,73,74.50,1
959,438,71,76.07,1
973,461,70,77.37,1
901,432,72,75.60,1
919,471,71,78.10,1
961,446,76,79.17,1
899,401,75,74.83,1
963,441,71,76.32,1
925,468,72,78.44,1
961,439,77,79.16,1
931,439,70,75.39,1
960,441,72,76.80,1
909,469,70,77.37,1
952,456,73,78.31,1
888,418,72,74.47,1
969,449,71,76.96,1
963,445,80,81.11,1
935,453,69,75.94,1
965,455,79,81.36,1
959,446,74,78.15,1
961,401,62,68.90,0
929,402,61,68.18,0
938,450,60,71.25,0
937,480,59,72.92,0
927,475,62,73.97,0
941,425,69,73.96,0
900,410,67,71.50,0
962,471,60,73.00,0
943,452,58,70.44,0
952,481,52,69.63,0
952,496,56,72.72,0
902,421,58,67.81,0
854,452,62,71.63,0
999,412,60,69.04,0
985,480,59,73.36,0
975,420,67,72.90,0
925,421,62,70.02,0
1001,480,58,73.00,0
910,425,63,70.68,0
912,410,63,69.60,0
852,420,60,68.29,0
1010,421,64,71.80,0
1001,450,52,67.82,0
952,451,53,67.95,0
941,471,56,70.80,0
963,481,54,70.73,0
952,475,59,72.70,0
899,410,58,66.99,0
985,452,59,71.32,0
963,471,60,73.00,0
926,465,54,69.23,0
952,465,57,70.97,0
952,435,62,71.29,0
958,471,55,70.46,0
964,452,52,67.63,0
841,412,51,63.10,0
874,481,57,71.42,0
841,471,59,71.40,0
854,481,56,70.74,0
714,468,54,67.52,0
952,439,57,69.08,0
845,472,51,67.50,0
841,459,62,72.02,0
745,460,55,67.72,0
854,473,54,69.16,0
810,483,57,70.99,0
741,452,59,69.10,0
751,452,52,65.70,0
754,410,65,69.17,0
764,452,62,70.81,0
1021,469,75,80.89,1
965,441,76,78.84,1
951,449,72,77.30,1
956,476,73,79.80,1
939,467,69,77.00,1
980,454,77,80.42,1
1010,467,74,80.14,1
936,481,67,76.99,1
977,487,78,83.30,1
939,465,72,78.35,1
986,448,73,78.04,1
941,466,70,77.44,1
990,467,67,76.46,1
959,496,73,81.29,1
979,465,76,80.71,1
956,451,76,79.49,1
990,487,70,79.41,1
943,476,68,77.19,1
935,469,67,76.10,1
979,441,73,77.47,1
986,448,76,79.54,1
982,476,73,80.04,1
939,481,72,79.51,1
1019,465,71,78.58,1
987,476,77,82.09,1
970,460,75,79.77,1
965,461,72,78.30,1
959,444,71,76.50,1
987,466,74,79.86,1
990,487,72,80.41,1
1001,489,75,82.16,1
998,478,72,79.83,1
959,469,70,77.82,1
950,441,71,76.20,1
986,471,75,80.71,1
966,466,68,76.67,1
939,481,68,77.51,1
979,462,75,80.10,1
966,459,72,78.16,1
961,460,70,77.19,1
977,454,76,79.90,1
942,489,67,77.62,1
1020,468,77,81.80,1
972,458,72,78.14,1
949,480,67,77.03,1
956,448,70,76.27,1
1009,461,81,83.19,1
966,476,70,78.40,1
969,462,72,78.40,1
990,462,76,80.60,1
874,412,70,72.90,0
901,433,63,71.18,0
888,454,69,75.59,0
834,411,61,67.97,0
891,426,67,72.58,0
876,450,59,70.19,0
810,390,66,68.72,0
791,452,62,71.06,0
788,399,67,69.68,0
810,402,71,72.10,0
834,389,68,69.87,0
790,410,67,70.50,0
819,369,65,66.78,0
910,399,61,67.79,0
951,365,62,66.19,0
876,391,65,68.90,0
862,401,70,72.00,0
808,331,61,61.91,0
803,345,63,63.89,0
765,398,64,67.90,0
732,403,69,70.46,0
831,421,61,68.67,0
873,456,58,70.10,0
890,432,59,69.00,0
902,444,61,70.99,0
854,399,64,68.78,0
876,406,61,67.99,0
890,393,67,70.17,0
907,407,70,72.84,0
881,387,66,69.15,0
690,359,61,62.88,0
764,401,64,68.10,0
896,381,62,66.85,0
952,399,64,69.67,0
810,387,62,66.50,0
860,401,65,69.48,0
934,432,66,72.90,0
921,401,63,69.03,0
873,398,69,71.38,0
766,402,71,71.70,0
921,372,63,66.92,0
863,399,68,70.86,0
913,387,64,68.44,0
908,412,67,71.71,0
931,350,69,68.41,0
765,412,66,69.91,0
843,432,62,70.08,0
864,404,61,67.73,0
897,412,58,67.11,0
844,387,63,67.31,0
970,460,75,79.77,1
963,469,77,81.36,1
942,481,78,82.54,1
936,465,77,80.82,1
945,455,79,81.18,1
969,442,81,81.45,1
998,478,72,79.83,1
967,469,81,83.40,1
986,471,75,80.71,1
967,455,79,81.38,1
942,475,74,80.10,1
976,461,76,80.40,1
951,483,72,79.77,1
991,478,76,81.77,1
1002,476,76,81.72,1
986,461,79,81.99,1
979,462,75,80.10,1
1015,467,74,80.19,1
966,476,74,80.40,1
977,469,78,81.99,1
1009,461,81,83.19,1
987,463,76,80.64,1
999,454,79,81.60,1
1020,468,77,81.80,1
990,462,76,80.60,1
958,488,74,81.20,1
997,463,75,80.23,1
987,466,74,79.86,1
954,469,74,79.78,1
1001,467,80,83.06,1
987,459,77,80.85,1
1009,451,77,80.47,1
968,478,74,80.56,1
1021,469,79,82.89,1
977,454,76,79.90,1
1011,477,79,83.38,1
996,461,78,81.58,1
993,445,77,79.89,1
998,488,74,81.56,1
967,481,74,80.77,1
989,487,76,82.40,1
1010,467,76,81.14,1
952,454,77,80.17,1
998,459,79,81.95,1
979,454,83,83.41,1
999,494,73,81.50,1
1019,467,78,82.22,1
967,461,76,80.31,1
1024,445,77,80.17,1
999,497,79,84.72,1
876,453,67,74.40,0
909,421,69,73.38,0
943,435,71,75.70,0
867,465,66,74.70,0
965,454,73,78.29,0
932,422,68,73.16,0
883,409,75,75.27,0
765,445,68,73.31,0
921,451,62,72.17,0
910,428,64,71.40,0
865,399,69,71.38,0
761,408,72,72.59,0
843,382,63,66.94,0
923,366,64,67.00,0
972,387,61,67.48,0
865,435,69,74.00,0
933,413,66,71.51,0
961,452,68,75.60,0
873,429,71,74.63,0
936,481,67,76.99,0
929,490,62,75.08,0
956,461,69,76.71,0
872,423,61,69.19,0
899,420,67,72.21,0
935,381,77,74.70,0
799,432,66,71.68,0
963,453,62,72.70,0
867,421,68,72.50,0
956,467,72,78.65,0
875,451,65,73.25,0
912,404,69,72.17,0
927,381,71,71.63,0
843,402,66,69.90,0
904,461,69,76.24,0
841,423,61,68.90,0
732,389,55,62.44,0
690,359,53,58.88,0
792,399,63,67.71,0
882,402,67,70.75,0
923,431,61,70.23,0
885,440,65,72.54,0
860,401,62,67.98,0
905,452,67,74.60,0
789,430,74,75.44,0
905,438,72,76.08,0
779,442,66,72.22,0
946,376,76,73.94,0
943,439,71,76.00,0
912,385,66,69.29,0
894,404,72,73.50,0